id;name;perk_id
1;Vans;4
2;Lululemon;2
3;Starbucks;1
4;Amazon;5
5;Chevron;
6;Macy's;3
